0.444153193080922 278.343469202537 5.25915462280654
0.885515060673854 131.738876202469 3.34962242708599
1.76546523551983 72.7082966026428 2.78379019701707
3.05702159547557 47.9864204546447 2.44588650885467
4.8425484267264 33.2851093678814 2.43878465882194
7.67095497842986 22.8193902679787 2.42112494637914
12.1513603693886 15.7365627481673 2.49390050215668
19.2486568715178 9.56223192793428 2.77114234010179
30.4912901572914 5.15272278802968 3.32640119769212
48.3004608927462 2.30407959327326 4.41465844166782
