0.444153193080922 1.38166232839269 0.420864610307226
0.885515060673854 0.0580676227185523 0.18172802829538
1.76546523551983 0.232776621855472 0.0911538087296218
3.05702159547557 0.238732080183665 0.0675489454804282
4.8425484267264 0.142827762507138 0.0479886904251698
7.67095497842986 0.100060447225259 0.0337093254325176
12.1513603693886 0.0802301840586482 0.0223868567895429
19.2486568715178 0.0662048407711618 0.0197050270333791
30.4912901572914 0.0374137977194028 0.0217014637070674
48.3004608927462 0.0406293765755569 0.0282672645898719
