0.444153193080922 1.2598396587711 0.273229702556732
0.885515060673854 0.0675139826881771 0.127498155578086
1.76546523551983 0.149210421313916 0.0637137131014747
3.05702159547557 0.141649577448293 0.0459263753226414
4.8425484267264 0.102432579126232 0.0297293976247516
7.67095497842986 0.0702933763148482 0.0202747646223652
12.1513603693886 0.0519685898534354 0.0145832189760645
19.2486568715178 0.0430327290368739 0.0118443743890065
30.4912901572914 0.0302527049577048 0.0121830678759929
48.3004608927462 0.0212152360185801 0.0152273185206363
