0.444153193080922 179.004006427454 3.25388506541074
0.885515060673854 83.4985078490567 1.97785195708698
1.76546523551983 45.9176961871528 1.52239744304241
3.05702159547557 29.890026487532 1.31406914774217
4.8425484267264 20.4725553867583 1.29500183062973
7.67095497842986 14.092401812357 1.26480302475328
12.1513603693886 9.51502122090559 1.29220594596834
19.2486568715178 5.67479578402394 1.41866582036378
30.4912901572914 2.97042374333399 1.69803412150238
48.3004608927462 1.30134441881502 2.25912282372685
